10,125
10,117
10,7
10,21
10,213
11,22
11,8
11,25
11,18
11,15
11,21
11,27
11,2
11,3
8,4
8,16
8,17
12,2
12,1
12,3
20,2
20,1
20,3
19,2
19,1
19,3
56,4
56,3
56,2
56,1
56,0
46,3
46,2
46,1
46,0
44,4
44,3
44,2
44,1
44,0
18,1
43,4
18,3
43,3
43,2
43,1
43,0
14,1
42,4
14,3
42,3
42,2
13,1
42,1
13,3
42,0
41,3
41,2
41,1
41,0
40,6
40,5
40,4
40,3
40,2
40,1
40,0
39,4
39,3
39,2
39,1
38,4
38,1
38,3
33,1
33,4
11,20
11,19
11,12
11,1
11,5
2,2
2,1
2,3
10,285
10,197
10,153
10,107
10,97
10,1
10,93
10,3
10,2
9,7
9,1
9,5
9,3
9,2
8,18
8,13
8,11
8,8
8,7
8,1
8,5
8,3
8,2
